111. 2. vnum 00101111. 101111 enne. 1011110. 000. 1. 431

,11110;ε)10-1091’102)88. 221. 00191111(81. 01100)88. 2171. 01191111,
1111191111 (81. lino, gl. 1101100)88. 1731. 1831. 11019110 (81.110110)
18111. 11119101 (1101100) 11111321. 0110910100 (8101101) Wb. 161.
Ι’91111 (81. 11080) 88. 1761. 0010191111 (110001ος = 0011109101) Wb.
11. 1110901010(81. 1010)88. 541. 1010110101 (81. consternor) Sg.
461. 90111110110181. 10100)88. 19⁰''. 110911111101171, 11090111101111(81.
lude, gl. pellicio) 88. 241. 1109111111110(81. 10010)88. 1451. deme·
11ῖ1 (81. detero) 88. 391911001001111181. operor) Pr. Cr. 571. 0100-
01’111(81. 0110010, -010)88. 1461. Pr. Cr. 571. 10019101 (81. 000-
101001)88.1461. 101111191οι, 0011019101, 1001191171 (81. 11111081.
0111110) 88. 241. 541. 601. 0001111100 (00011110) Wb. 61. 1001101111
1100011000) Sg. 151. solertim, [0100101 (81. humecto, 81. lavo)
181451. 1461. 00101111 (81. obsoleo) Sg. 173¹. 000100011110(81.
1010) 88. 1551. 101101’11100(110111100)11111. 111. 1001101101, 1110110111οε0
praedico) Wb. 51. 81. 111. 211. 301. 1101111011ῗο1 (81.10110, -are; rad.
111, inferus) 88. 1461. 1101901111οι (81.011110111011001111) Pr. Cr. 571.
1011001171 (81. 0111080) 88. 221. 0110011010 (81. volo) 88. 1461.
0000101171(81. imbuo) sg. 241. 1361. 0111101111οι (81. 10010, 81.
101110) 88. 1451. 1000191111 (81. 101080) 881741. 0111119101(81.

10110; mox 00110011,81.11100111101010)88. 531. 1101119101 (81.011· ’

180; 1. 0. sum arrogans) 88. 221. [01111910 (81. serpo) 88. 1831.
1111019110 (81.1000110, 1110) 88. 1461. 1010110018110(81. 1000110)
81441. 1011101910, 1011119101 (81. 10110, 81. 0110110) 88. 561.
11110191’01(81.0080) 88. 161.]11’1101101’9101 (81.11111110)88. 101. 1 -
119110 (81. aspernor) Pr. Cr. 621. 9111119110 (81. 00110)88. 1871.
000010019110 (81. condelector) Wb. 31. 110109110(81. aceo 0 quo
10001001) Ρ1. Cr. 571. 1001101910 (81. 1080100)88. 661. 011-
1011019110, 0001αο1109110 (81. potior, gl. nuo 00110 001000) 88.
1. 541. 0190001910, ά1901119110 (81. lento, 81. tardo) 88. 1451.
’. Cr. 561. 11011191119110 (81. moenio) 88131. 110110019101(81.
10)88. 541. 0111119110 (81. 1111111000, 1101ρ1’ζω)88. 111. (1001119110
1.111”0110100)88. 1771. 11010111191111, 0011019110 (81. 001110,1110-
110 0001)88. 1461. Pr. Cr. 571.]1000119101(81. 0110010)88. 1461.
0001111910 (81. 000 dissideo) Ml. 211. 0110010110111110(81. 00-
0000) 88. 1441.

2. pere. Ι, E: 0000090111 01010111 (01 010 sumis 0011011011
111111) Wb. 321. 01110 11111’11(000001 110011 810110110; 1011111110)
b. 81. 0101010111οο (000 significan) sg. 2081. 01001010 911100010-

 

